0 0 9.45926e-07 2.48515e-08 2.0777e-16 5.61777e-18 0.0429012 0.0750188
0 1 9.82377e-07 6.09443e-08 2.40499e-16 1.51666e-17 0.0979134 0.0506179
0 2 9.35734e-07 1.25963e-07 2.4965e-16 3.39145e-17 0.175033 0.0387536
0 3 8.67765e-07 1.73695e-07 2.47774e-16 4.98778e-17 0.250321 0.0336164
0 4 1.43191e-06 4.31207e-07 4.39201e-16 1.32877e-16 0.323927 0.0219137
0 5 1.5188e-06 5.95627e-07 5.01893e-16 1.97385e-16 0.402741 0.018299
0 6 1.05234e-06 4.70675e-07 3.71019e-16 1.66131e-16 0.458251 0.0203141
0 7 3.7469e-07 1.78751e-07 1.41579e-16 6.7575e-17 0.494565 0.0332203
0 8 2.94734e-07 1.39643e-07 1.23684e-16 5.85157e-17 0.488125 0.0397226
0 9 1.47901e-07 6.66616e-08 8.55958e-17 3.84175e-17 0.457046 0.0687831
0 10 1.4322e-08 9.76731e-09 1.64864e-17 1.11336e-17 0.681979 0.194677
1 0 2.44316e-05 6.02828e-07 1.20987e-13 3.08167e-15 0.0448622 0.0690207
1 1 2.53712e-05 1.72498e-06 1.41835e-13 9.82655e-15 0.100643 0.046766
1 2 2.59627e-05 3.53514e-06 1.60369e-13 2.2051e-14 0.176539 0.0352427
1 3 2.34291e-05 4.67556e-06 1.56725e-13 3.15096e-14 0.249168 0.0314348
1 4 4.02031e-05 1.23536e-05 2.9464e-13 9.11298e-14 0.327882 0.0199939
1 5 4.29728e-05 1.72672e-05 3.50412e-13 1.41225e-13 0.415031 0.016744
1 6 3.01846e-05 1.35644e-05 2.72886e-13 1.22774e-13 0.461109 0.0191277
1 7 1.18567e-05 5.55021e-06 1.18616e-13 5.56423e-14 0.488604 0.0309038
1 8 8.84771e-06 3.92686e-06 1.00931e-13 4.46956e-14 0.45259 0.0400969
1 9 3.65326e-06 1.63324e-06 5.71576e-14 2.52113e-14 0.46416 0.0726917
1 10 8.03868e-07 4.98186e-07 2.97111e-14 1.95901e-14 0.619736 0.164547
2 0 0.000600138 1.47557e-05 7.02827e-11 1.77139e-12 0.0411727 0.0702745
2 1 0.000633631 4.1585e-05 8.37279e-11 5.59974e-12 0.0955785 0.0466516
2 2 0.000620622 8.05299e-05 9.03466e-11 1.18606e-11 0.171881 0.0356646
2 3 0.000583012 0.000115756 9.17796e-11 1.8361e-11 0.241408 0.030932
2 4 0.000985157 0.000310819 1.69405e-10 5.37704e-11 0.340262 0.0191486
2 5 0.00103303 0.000413967 1.95593e-10 7.86601e-11 0.415031 0.0164819
2 6 0.000734659 0.000321605 1.51355e-10 6.63808e-11 0.44791 0.0189364
2 7 0.000255616 0.000115039 5.67874e-11 2.55566e-11 0.464737 0.0324911
2 8 0.000191907 8.92138e-05 4.6874e-11 2.17799e-11 0.476268 0.0382153
2 9 9.18337e-05 4.36004e-05 2.88048e-11 1.35739e-11 0.477684 0.0613795
2 10 1.36069e-05 2.70587e-06 8.76618e-12 1.58461e-12 0.231274 0.391137
3 0 0.0159383 0.000340173 2.47046e-08 5.43812e-10 0.0380195 0.052114
3 1 0.0167764 0.00110397 3.00899e-08 2.02624e-09 0.0976205 0.0332532
3 2 0.016742 0.0022277 3.40641e-08 4.60295e-09 0.179575 0.025228
3 3 0.0165655 0.00322574 3.75621e-08 7.39488e-09 0.243574 0.0221342
3 4 0.0291325 0.00872689 7.57104e-08 2.29013e-08 0.320089 0.0142623
3 5 0.0331668 0.0132178 1.02755e-07 4.11907e-08 0.410825 0.011848
3 6 0.0255575 0.0112434 9.55159e-08 4.21215e-08 0.44989 0.0136261
3 7 0.0105714 0.00465489 4.66312e-08 2.05461e-08 0.455421 0.0229557
3 8 0.00819429 0.00365059 4.27505e-08 1.91144e-08 0.459891 0.0280677
3 9 0.00427454 0.00194491 3.13229e-08 1.41099e-08 0.464411 0.0451913
3 10 0.000662958 0.000273238 9.75399e-09 3.63172e-09 0.41215 0.175327
4 0 0.636287 0.0139716 2.37377e-05 5.33868e-07 0.0387769 0.0398325
4 1 0.66309 0.0448303 2.81459e-05 1.93756e-06 0.100708 0.025231
4 2 0.65934 0.0837104 3.11415e-05 4.0064e-06 0.168054 0.0199811
4 3 0.626567 0.120903 3.2348e-05 6.29508e-06 0.239698 0.017266
4 4 1.08338 0.328398 6.20504e-05 1.89469e-05 0.325185 0.0108622
4 5 1.16659 0.448506 7.56274e-05 2.92091e-05 0.395132 0.00940198
4 6 0.860313 0.380196 6.28149e-05 2.77967e-05 0.454084 0.0103329
4 7 0.31874 0.141776 2.58811e-05 1.15259e-05 0.462324 0.0177741
4 8 0.241225 0.106894 2.21049e-05 9.79703e-06 0.460374 0.0217622
4 9 0.114771 0.0485983 1.38355e-05 5.86238e-06 0.436396 0.037585
4 10 0.0180364 0.00726626 4.31166e-06 1.68343e-06 0.41245 0.138276
5 0 16.7416 0.369099 0.0101975 0.00023071 0.0399995 0.0309781
5 1 17.4336 1.11343 0.0121238 0.000789666 0.0940269 0.0206338
5 2 17.1192 2.12972 0.0133032 0.00167712 0.168358 0.0159522
5 3 16.4366 3.1423 0.0140226 0.00270418 0.234749 0.0138384
5 4 28.6584 8.2845 0.0272905 0.00795229 0.309171 0.00890819
5 5 31.1845 11.6912 0.0338536 0.0127556 0.387302 0.00758685
5 6 22.9667 9.89438 0.0282464 0.012198 0.440648 0.00839382
5 7 8.83807 3.81371 0.0120705 0.00521207 0.450023 0.0142026
5 8 6.3521 2.8528 0.0096834 0.00435554 0.465351 0.0170966
5 9 3.01376 1.29967 0.00582786 0.00252154 0.43874 0.0290052
5 10 0.417601 0.176145 0.00160078 0.00065735 0.427922 0.111136
6 0 410.619 8.29187 4.21917 0.087656 0.0373603 0.0266026
6 1 432.294 26.2679 5.04222 0.311849 0.0892883 0.0174036
6 2 424.78 51.2312 5.50396 0.671932 0.161376 0.0133409
6 3 402.111 73.4509 5.67773 1.04613 0.227797 0.0116208
6 4 692.083 196.498 10.7793 3.08338 0.302767 0.00742346
6 5 734.926 269.078 12.803 4.7051 0.37758 0.00637605
6 6 525.565 221.29 10.0935 4.25766 0.430724 0.00707083
6 7 192.242 81.9519 3.98883 1.70121 0.442793 0.0119974
6 8 136.608 58.9402 3.08424 1.33204 0.44508 0.0147083
6 9 64.8885 29.5594 1.78896 0.815136 0.465354 0.0225164
6 10 10.3443 4.14626 0.53218 0.212331 0.40434 0.0858549
7 0 3811.9 75.0953 583.448 11.8066 0.0337782 0.0352921
7 1 3902.59 231.472 673.886 40.6451 0.0877301 0.0224805
7 2 3944.9 462.06 751.192 88.9577 0.155531 0.0170867
7 3 3662.79 638.098 754.275 132.322 0.214555 0.0151639
7 4 6222.18 1699.96 1396.55 383.944 0.29129 0.00963888
7 5 6387.35 2253.4 1570.49 555.54 0.363654 0.00835657
7 6 4412.65 1778.86 1161.62 468.775 0.413253 0.00936442
7 7 1566.07 639.483 432.301 176.59 0.426017 0.0158808
7 8 1126.84 485.763 328.389 141.632 0.446258 0.0184067
7 9 483.413 209.326 164.449 71.4 0.443749 0.030259
7 10 58.7624 23.2596 32.8238 12.3023 0.40305 0.118658
8 0 63260.1 1168.92 125259 2369.79 0.033026 0.031515
8 1 65281 3596.08 145308 8137.79 0.0826771 0.0203621
8 2 64110.1 7295.43 156750 18036.2 0.149788 0.0154762
8 3 59617 10291.3 156898 27275.2 0.21087 0.0135441
8 4 102315 27354.7 291396 78331.2 0.286669 0.00857393
8 5 104039 35387.7 320440 109274 0.350754 0.00753017
8 6 72324.7 29018.1 234301 94062.2 0.410577 0.0081467
8 7 24637.5 10172 82164.8 33937 0.429232 0.0137959
8 8 17109.2 7038.28 59227.9 24362.5 0.425285 0.0169367
8 9 7411.88 2951.14 29224.2 11683.9 0.409621 0.0282445
8 10 957.347 379.503 6082.91 2341.22 0.41186 0.098796
