0 0 2.30288e-08 5.20865e-10 6.27048e-19 1.42818e-20 0.0517456 0.152975
0 1 2.27571e-08 1.33914e-09 6.35447e-19 3.73609e-20 0.0963142 0.111304
0 2 2.1111e-08 2.71441e-09 5.71522e-19 7.29645e-20 0.177676 0.0808383
0 3 2.01838e-08 3.71943e-09 5.07697e-19 9.28958e-20 0.23201 0.067449
0 4 3.4634e-08 1.12738e-08 7.36277e-19 2.36176e-19 0.349656 0.0346384
0 5 3.56856e-08 1.36936e-08 5.26108e-19 1.97035e-19 0.392747 0.0254377
0 6 2.40044e-08 1.09998e-08 1.89093e-19 8.59527e-20 0.469715 0.019616
0 7 8.8276e-09 4.10179e-09 3.28532e-20 1.51065e-20 0.482621 0.021957
0 8 6.60716e-09 3.01284e-09 1.15497e-20 5.23232e-21 0.471865 0.0177711
0 9 3.29459e-09 1.51467e-09 1.72677e-21 7.80892e-22 0.47064 0.0138071
0 10 6.00687e-10 2.57224e-10 4.34245e-23 1.85852e-23 0.440783 0.0128698
1 0 5.35061e-07 1.12147e-08 3.28449e-16 6.98791e-18 0.0423667 0.166666
1 1 5.74967e-07 2.74491e-08 3.66507e-16 1.75221e-17 0.0752784 0.120028
1 2 5.43077e-07 6.39936e-08 3.39446e-16 3.97639e-17 0.177894 0.0775022
1 3 5.88674e-07 1.20456e-07 3.46379e-16 7.04658e-17 0.253831 0.0572393
1 4 9.17845e-07 2.81404e-07 4.6588e-16 1.41012e-16 0.32875 0.0343888
1 5 1.03418e-06 4.15535e-07 3.745e-16 1.47384e-16 0.411014 0.02258
1 6 7.02509e-07 3.22674e-07 1.40913e-16 6.39475e-17 0.467617 0.0182351
1 7 2.79611e-07 1.34009e-07 2.75431e-17 1.3137e-17 0.494693 0.0195414
1 8 2.05685e-07 9.82731e-08 9.73282e-18 4.6184e-18 0.489509 0.0158539
1 9 1.05073e-07 4.84787e-08 1.52051e-18 6.96087e-19 0.471058 0.0127707
1 10 1.88397e-08 8.11491e-09 3.80009e-20 1.62061e-20 0.442209 0.0120518
2 0 1.38142e-05 3.2285e-07 2.00539e-13 4.73855e-15 0.0447411 0.15435
2 1 1.47478e-05 9.49821e-07 2.22164e-13 1.432e-14 0.102834 0.0981971
2 2 1.48224e-05 1.80688e-06 2.18864e-13 2.65469e-14 0.168799 0.0733542
2 3 1.40826e-05 2.6247e-06 1.95494e-13 3.60843e-14 0.234823 0.0596177
2 4 2.36541e-05 7.40376e-06 2.81578e-13 8.67026e-14 0.334226 0.0323366
2 5 2.46626e-05 9.82474e-06 2.07712e-13 8.13804e-14 0.41112 0.022442
2 6 1.75519e-05 7.90349e-06 8.086e-14 3.60009e-14 0.460965 0.0178444
2 7 6.21003e-06 2.8545e-06 1.3516e-14 6.19179e-15 0.478556 0.0201872
2 8 4.53661e-06 2.04331e-06 4.63227e-15 2.07769e-15 0.462435 0.0165781
2 9 2.18423e-06 9.75243e-07 6.49436e-16 2.85686e-16 0.457436 0.0130927
2 10 3.48308e-07 1.52039e-07 1.28719e-17 5.581e-18 0.449542 0.0119062
3 0 0.000359105 8.55865e-06 6.90487e-11 1.66543e-12 0.0424438 0.113676
3 1 0.000393709 2.83614e-05 8.04888e-11 5.82894e-12 0.103538 0.0695954
3 2 0.000399015 5.49667e-05 8.22397e-11 1.13161e-11 0.175321 0.0513664
3 3 0.000390494 7.84378e-05 7.7934e-11 1.55785e-11 0.244152 0.0417762
3 4 0.000686641 0.000211373 1.2309e-10 3.75394e-11 0.330835 0.0235925
3 5 0.000770907 0.000297247 1.05128e-10 3.99108e-11 0.396421 0.0166017
3 6 0.000597988 0.000268875 4.89804e-11 2.18557e-11 0.460768 0.0128894
3 7 0.000244166 0.000108699 1.05322e-11 4.6582e-12 0.462634 0.0147744
3 8 0.000190965 8.59124e-05 4.12806e-12 1.84449e-12 0.464773 0.0117929
3 9 9.93558e-05 4.482e-05 6.68521e-13 2.99496e-13 0.461467 0.00914812
3 10 1.61572e-05 7.00132e-06 1.42661e-14 6.15319e-15 0.446458 0.00860566
4 0 0.0149916 0.000362085 6.94031e-08 1.703e-09 0.046311 0.0826593
4 1 0.0154311 0.000994703 7.46704e-08 4.82653e-09 0.0911082 0.0575929
4 2 0.0157948 0.00207834 7.56295e-08 9.90794e-09 0.176883 0.0393619
4 3 0.014318 0.00289774 6.50463e-08 1.30836e-08 0.250096 0.0325217
4 4 0.0255973 0.00773828 1.01492e-07 3.02764e-08 0.324044 0.0183788
4 5 0.0272063 0.0104728 7.8198e-08 2.96803e-08 0.396865 0.0128226
4 6 0.0202159 0.0087377 3.28088e-08 1.40231e-08 0.440972 0.0102094
4 7 0.00753037 0.00334657 6.00677e-09 2.65565e-09 0.460933 0.0114487
4 8 0.00565689 0.00253019 2.16731e-09 9.60554e-10 0.460297 0.00914134
4 9 0.00278788 0.00123326 3.167e-10 1.37819e-10 0.453423 0.00722518
4 10 0.000453162 0.000192112 6.62611e-12 2.78943e-12 0.43573 0.00672749
5 0 0.385101 0.00889529 2.90835e-05 6.82299e-07 0.0400869 0.0706641
5 1 0.398069 0.0247333 3.1554e-05 1.96702e-06 0.092259 0.0457664
5 2 0.40228 0.0473647 3.16963e-05 3.72065e-06 0.160799 0.0334126
5 3 0.380369 0.0719907 2.85529e-05 5.37222e-06 0.235886 0.0265968
5 4 0.675488 0.196651 4.45515e-05 1.27941e-05 0.310007 0.0150081
5 5 0.727942 0.268478 3.49796e-05 1.26975e-05 0.380681 0.0104812
5 6 0.535283 0.225048 1.46229e-05 6.05196e-06 0.429298 0.0083309
5 7 0.201228 0.0885411 2.70134e-06 1.18145e-06 0.458639 0.00916803
5 8 0.150995 0.0677059 9.63105e-07 4.27824e-07 0.461093 0.0072104
5 9 0.0711045 0.031322 1.31799e-07 5.71509e-08 0.450706 0.00579945
5 10 0.0102916 0.00433836 2.24391e-09 9.38945e-10 0.434597 0.00548641
6 0 9.55193 0.181 0.0121729 0.000234053 0.0359846 0.061597
6 1 10.1746 0.622652 0.0135343 0.000830187 0.0910495 0.0373014
6 2 9.94435 1.22128 0.0130632 0.00159709 0.162886 0.0271276
6 3 9.35084 1.73267 0.0116189 0.00213755 0.230184 0.0221071
6 4 16.1924 4.50161 0.0174719 0.00479727 0.297929 0.0127646
6 5 17.2833 6.34272 0.0133373 0.00482618 0.378482 0.0086599
6 6 12.3511 5.11565 0.00529326 0.00216366 0.424669 0.00695404
6 7 4.57135 1.95558 0.000935907 0.000397431 0.446971 0.00769307
6 8 3.29187 1.42879 0.000312689 0.000134457 0.447032 0.00612517
6 9 1.50032 0.649827 4.03111e-05 1.72556e-05 0.444151 0.00488375
6 10 0.210478 0.08698 6.37015e-07 2.61137e-07 0.425851 0.00459829
7 0 90.161 1.42099 1.71176 0.0272903 0.0320833 0.0819405
7 1 92.7787 5.40058 1.82681 0.106446 0.0872765 0.0485403
7 2 90.107 10.0184 1.73963 0.192303 0.150804 0.0360717
7 3 85.0632 14.923 1.54137 0.268432 0.216401 0.0289499
7 4 143.927 38.4293 2.24014 0.589235 0.287341 0.0166624
7 5 149.393 52.2609 1.63121 0.561132 0.360941 0.0114752
7 6 106.795 43.066 0.628406 0.248566 0.411187 0.00895761
7 7 36.7343 15.3425 0.0996612 0.0414115 0.434482 0.0100977
7 8 26.405 11.1982 0.032599 0.0137526 0.436964 0.00795661
7 9 11.6137 4.94072 0.00393378 0.00165134 0.436313 0.00633467
7 10 1.53153 0.615904 5.5217e-05 2.18934e-05 0.415107 0.00602141
8 0 1488.96 32.3582 365.626 8.05537 0.0338221 0.0701856
8 1 1538.86 89.6611 390.713 22.7738 0.0852192 0.043242
8 2 1506.41 163.799 373.494 40.3518 0.147064 0.0320083
8 3 1378.57 241.866 319.495 55.6345 0.217486 0.0256583
8 4 2352.73 622.766 464.275 121.071 0.283196 0.0147925
8 5 2440.53 832.916 334.929 112.367 0.353115 0.0102349
8 6 1663.29 656.642 121.45 47.2253 0.403797 0.00813894
8 7 574.644 231.42 18.9899 7.58915 0.419873 0.00915685
8 8 403.782 166.904 5.93578 2.43519 0.425868 0.00718868
8 9 172.507 71.623 0.67702 0.276966 0.425353 0.00570265
8 10 22.3198 8.87592 0.0091469 0.00359681 0.409851 0.00537136
